948681178070862743061754104531978834078994309884995291344277
796605147523288356639540039498942377107630754931119588007613

2621511745172264649116655875015714351298395200973154424631509
1170220658203556726299216492091423870267359381568009362686589

166198539709166689654643007635842444710159961183828023749569
1883109331052682798482917117090987203242621419686883343847489

2428894037324995342024054165597656842551238666051087106146749
1068720187957780508571839278754983011565613922978343685254549

2709917752586754571082511812500560713768081253270990600660461
199110348880200685952426215337891339305190869968341580080101

441322224252476095065452696511798089033133582088945137756181
1949184984529473789426718598165642948711118476123133843741501

469260000673098588271877551818244381828439777814053518726513
427122802119803356521266676750440950823995637159882064275857

2325812320552962561210306325463979276139501908803407253596119
993883785733077492709568321020912711007994771205156307537639

2917246075622956206988613871559570604147132161172553973787229
2497405992761899084570728265599534651757380391817547089018869

2145783949824315439449242343891744215618627057612750349307723
1125039647919510168718174857023785619163904536251608341012067

